9.485000e+02
2.871695e+03
4.213645e+03
4.577016e+03
3.871391e+03
2.335793e+03
4.559889e+02
-1.195627e+03
-2.142694e+03
-2.147792e+03
-1.273325e+03
1.570139e+02
1.678282e+03
2.839594e+03
3.343224e+03
3.121839e+03
2.333784e+03
1.285927e+03
3.172772e+02
-3.134196e+02
-4.973848e+02
-2.839233e+02
1.667979e+02
6.625928e+02
1.054521e+03
1.280753e+03
1.366015e+03
1.383507e+03
1.401938e+03
1.442079e+03
1.466575e+03
1.402382e+03
1.188222e+03
8.207811e+02
3.767893e+02
-2.558479e+00
-1.618120e+02
2.876358e+00
4.893872e+02
1.174299e+03
1.844478e+03
2.268995e+03
2.285916e+03
1.868635e+03
1.145759e+03
3.635970e+02
-2.004655e+02
-3.389184e+02
5.477439e+00
7.124642e+02
1.522900e+03
2.132849e+03
2.306613e+03
1.969317e+03
1.241719e+03
3.999970e+02
-2.246259e+02
-3.708003e+02
4.858024e+01
9.047107e+02
1.891678e+03
2.632784e+03
2.819823e+03
2.332812e+03
1.294873e+03
4.084152e+01
-9.936953e+02
-1.425055e+03
-1.061113e+03
2.169762e+01
1.493675e+03
2.877164e+03
3.706274e+03
3.685643e+03
2.794100e+03
1.296153e+03
-3.426640e+02
-1.608443e+03
-2.106038e+03
-1.686608e+03
-4.909848e+02
1.101565e+03
2.602013e+03
3.568363e+03
3.742169e+03
3.118139e+03
1.927739e+03
5.508583e+02
-6.124532e+02
-1.265271e+03
-1.289325e+03
-7.581072e+02
1.131420e+02
1.054408e+03
1.828174e+03
2.290393e+03
2.408706e+03
2.236280e+03
1.867409e+03
1.394910e+03
8.801000e+02
3.618897e+02
-1.133092e+02
-4.809804e+02
-6.431061e+02
-4.935925e+02
1.232648e+01
8.315917e+02
1.819358e+03
2.733607e+03
3.305925e+03
3.324171e+03
2.714253e+03
1.594742e+03
2.624606e+02
-8.898393e+02
-1.484069e+03
-1.271263e+03
-2.826128e+02
1.167735e+03
2.688785e+03
3.818408e+03
4.173938e+03
3.607443e+03
2.276464e+03
5.681466e+02
-9.843001e+02
-1.880143e+03
-1.879774e+03
-1.038264e+03
3.554255e+02
1.840802e+03
2.936013e+03
3.309655e+03
2.885695e+03
1.855258e+03
6.051274e+02
-4.247120e+02
-9.016229e+02
-7.047837e+02
4.532212e+01
1.039089e+03
1.900320e+03
2.323700e+03
2.180326e+03
1.557603e+03
7.166809e+02
-1.161722e+01
-3.510131e+02
-1.805488e+02
4.252000e+02
1.230936e+03
1.932823e+03
2.271818e+03
2.127666e+03
1.557703e+03
7.695413e+02
4.116470e+01
-3.817159e+02
-3.699953e+02
4.942212e+01
7.145009e+02
1.394913e+03
1.877624e+03
2.039612e+03
1.879258e+03
1.499811e+03
1.056419e+03
6.902778e+02
4.779178e+02
4.159255e+02
4.429209e+02
4.860619e+02
5.072928e+02
5.279846e+02
6.164466e+02
8.462794e+02
1.242007e+03
1.741702e+03
2.196423e+03
2.413685e+03
2.233420e+03
1.606323e+03
6.411726e+02
-4.032841e+02
-1.187739e+03
-1.405624e+03
-8.983939e+02
2.664176e+02
1.790886e+03
3.224325e+03
4.101692e+03
4.099394e+03
3.154927e+03
1.505611e+03
-3.718925e+02
-1.905191e+03
-2.608116e+03
-2.241745e+03
-8.966949e+02
1.029600e+03
2.955595e+03
4.300345e+03
4.666616e+03
3.963791e+03
2.431093e+03
5.541889e+02
-1.095027e+03
-2.039894e+03
-2.042992e+03
-1.167225e+03
2.639139e+02
1.784882e+03
2.944494e+03
3.445324e+03
3.219539e+03
2.427184e+03
1.374327e+03
4.002772e+02
-2.363196e+02
-4.265848e+02
-2.199233e+02
2.236979e+02
7.122928e+02
1.096921e+03
1.315453e+03
1.393115e+03
1.403307e+03
1.415038e+03
1.450079e+03
1.470375e+03
1.402682e+03
1.185422e+03
8.149811e+02
3.682893e+02
-1.505848e+01
-1.767120e+02
-1.632364e+01
4.653872e+02
1.144999e+03
1.809778e+03
2.229295e+03
2.241116e+03
1.818535e+03
1.090059e+03
3.012970e+02
-2.698655e+02
-4.152184e+02
-7.762256e+01
6.227642e+02
1.427200e+03
2.031749e+03
2.201613e+03
1.862517e+03
1.134819e+03
2.943970e+02
-3.278259e+02
-4.711003e+02
-4.811976e+01
8.125107e+02
1.804478e+03
2.551184e+03
2.744323e+03
2.263612e+03
1.232273e+03
-1.485848e+01
-1.042395e+03
-1.466755e+03
-1.096313e+03
-7.702383e+00
1.469475e+03
2.857664e+03
3.691074e+03
3.674443e+03
2.786600e+03
1.292053e+03
-3.437640e+02
-1.606843e+03
-2.102138e+03
-1.680708e+03
-4.831848e+02
1.111465e+03
2.613913e+03
3.582363e+03
3.757969e+03
3.135039e+03
1.945439e+03
5.692583e+02
-5.930532e+02
-1.243671e+03
-1.264925e+03
-7.304072e+02
1.445420e+02
1.089208e+03
1.866474e+03
2.332993e+03
2.455406e+03
2.287180e+03
1.921909e+03
1.450010e+03
9.361000e+02
4.223897e+02
-4.890919e+01
-4.134804e+02
-5.811061e+02
-4.578925e+02
9.226482e+00
7.870917e+02
1.731958e+03
2.606607e+03
3.140625e+03
3.118771e+03
2.467553e+03
1.304942e+03
-7.133942e+01
-1.260939e+03
-1.883469e+03
-1.707063e+03
-7.376128e+02
7.662350e+02
2.362485e+03
3.561808e+03
3.985438e+03
3.492543e+03
2.232264e+03
5.998466e+02
-8.909001e+02
-1.774543e+03
-1.786774e+03
-9.490637e+02
4.433255e+02
1.924802e+03
3.017813e+03
3.393055e+03
2.973395e+03
1.950458e+03
7.076274e+02
-3.195120e+02
-7.966229e+02
-6.003837e+02
1.485221e+02
1.141089e+03
2.000920e+03
2.422100e+03
2.276226e+03
1.650703e+03
8.065809e+02
7.478278e+01
-2.689131e+02
-1.037488e+02
4.958000e+02
1.295136e+03
1.990223e+03
2.322418e+03
2.171566e+03
1.594903e+03
8.006413e+02
6.696470e+01
-3.603159e+02
-3.525953e+02
6.322212e+01
7.249009e+02
1.401913e+03
1.881424e+03
2.040312e+03
1.876858e+03
1.494311e+03
1.047819e+03
6.783778e+02
4.623178e+02
3.963255e+02
4.190209e+02
4.576619e+02
4.746928e+02
4.910846e+02
5.750466e+02
7.997794e+02
1.189707e+03
1.683002e+03
2.130223e+03
2.339685e+03
2.152020e+03
1.517223e+03
5.439726e+02
-5.089841e+02
-1.304439e+03
-1.533624e+03
-1.031194e+03
1.316176e+02
1.646586e+03
3.073925e+03
3.964192e+03
3.987594e+03
3.074327e+03
1.461211e+03
-3.763925e+02
-1.868791e+03
-2.532916e+03
-2.129245e+03
-7.486949e+02
1.213900e+03
3.176595e+03
4.559445e+03
4.969216e+03
4.298491e+03
2.774293e+03
8.325889e+02
-8.726274e+02
-1.887094e+03
-1.958792e+03
-1.151725e+03
2.084139e+02
1.670982e+03
2.777994e+03
3.267424e+03
3.059039e+03
2.282984e+03
1.247927e+03
2.874772e+02
-3.335196e+02
-5.093848e+02
-2.903233e+02
1.636979e+02
6.599928e+02
1.051121e+03
1.277853e+03
1.363915e+03
1.381507e+03
1.399538e+03
1.439379e+03
1.463075e+03
1.397982e+03
1.182422e+03
8.124811e+02
3.653893e+02
-1.745848e+01
-1.808120e+02
-2.052364e+01
4.611872e+02
1.140899e+03
1.805678e+03
2.224995e+03
2.236716e+03
1.814235e+03
1.086059e+03
2.982970e+02
-2.713655e+02
-4.148184e+02
-7.502256e+01
6.276642e+02
1.434700e+03
2.042049e+03
2.214813e+03
1.878817e+03
1.154419e+03
3.172970e+02
-3.016259e+02
-4.414003e+02
-1.491976e+01
8.490107e+02
1.844278e+03
2.593984e+03
2.789823e+03
2.311512e+03
1.282573e+03
3.764152e+01
-9.877953e+02
-1.410255e+03
-1.038013e+03
5.229762e+01
1.531075e+03
2.920664e+03
3.755474e+03
3.740243e+03
2.853800e+03
1.360553e+03
-2.742640e+02
-1.536443e+03
-2.031138e+03
-1.609008e+03
-4.108848e+02
1.184365e+03
2.687513e+03
3.656763e+03
3.833569e+03
3.212439e+03
2.025039e+03
6.514583e+02
-5.082532e+02
-1.156371e+03
-1.175225e+03
-6.383072e+02
2.388420e+02
1.185708e+03
1.964874e+03
2.432993e+03
2.556606e+03
2.389280e+03
2.024309e+03
1.552310e+03
1.037600e+03
5.212897e+02
4.589081e+01
-3.200804e+02
-4.947061e+02
-3.758925e+02
8.612648e+01
8.580917e+02
1.796558e+03
2.664307e+03
3.191125e+03
3.161971e+03
2.503353e+03
1.333042e+03
-5.093942e+01
-1.247939e+03
-1.877369e+03
-1.706463e+03
-7.415128e+02
7.584350e+02
2.351185e+03
3.547008e+03
3.967138e+03
3.470943e+03
2.207364e+03
5.710466e+02
-9.238001e+02
-1.811943e+03
-1.828774e+03
-9.951637e+02
3.932255e+02
1.870402e+03
2.958813e+03
3.328455e+03
2.902695e+03
1.873658e+03
6.249274e+02
-4.080120e+02
-8.902229e+02
-6.984837e+02
4.712212e+01
1.038489e+03
1.898720e+03
2.321700e+03
2.178526e+03
1.556303e+03
7.160809e+02
-1.111722e+01
-3.494131e+02
-1.783488e+02
4.279000e+02
1.233936e+03
1.936223e+03
2.275718e+03
2.132166e+03
1.562703e+03
7.752413e+02
4.746470e+01
-3.747159e+02
-3.625953e+02
5.722212e+01
7.226009e+02
1.403013e+03
1.885624e+03
2.046912e+03
1.885258e+03
1.503911e+03
1.058319e+03
6.894778e+02
4.742178e+02
4.092255e+02
4.329209e+02
4.725619e+02
4.904928e+02
5.077846e+02
5.927466e+02
8.190794e+02
1.211207e+03
1.707402e+03
2.158423e+03
2.371885e+03
2.187520e+03
1.556123e+03
5.867726e+02
-4.619841e+02
-1.250939e+03
-1.473224e+03
-9.701939e+02
1.907176e+02
1.712186e+03
3.143225e+03
4.018392e+03
4.014194e+03
3.068027e+03
1.417211e+03
-4.617925e+02
-1.996891e+03
-2.702516e+03
-2.339345e+03
-9.976949e+02
9.253000e+02
2.848595e+03
4.191245e+03
4.555716e+03
3.851791e+03
2.318793e+03
4.424889e+02
-1.205027e+03
-2.147494e+03
-2.147492e+03
-1.267625e+03
1.685139e+02
1.695882e+03
2.863494e+03
3.373624e+03
3.158739e+03
2.377284e+03
1.335827e+03
3.734772e+02
-2.511196e+02
-4.290848e+02
-2.097233e+02
2.467979e+02
7.477928e+02
1.144321e+03
1.374453e+03
1.462815e+03
1.482507e+03
1.501738e+03
1.541379e+03
1.563675e+03
1.496182e+03
1.277522e+03
9.046811e+02
4.543893e+02
6.774152e+01
-9.991199e+01
5.507636e+01
5.307872e+02
1.204199e+03
1.862478e+03
2.275095e+03
2.280216e+03
1.851035e+03
1.116459e+03
3.227970e+02
-2.521655e+02
-4.007184e+02
-6.572256e+01
6.321642e+02
1.434500e+03
2.037449e+03
2.206313e+03
1.867417e+03
1.140719e+03
3.014970e+02
-3.194259e+02
-4.615003e+02
-3.771976e+01
8.234107e+02
1.815178e+03
2.560584e+03
2.751523e+03
2.267912e+03
1.232873e+03
-1.815848e+01
-1.050295e+03
-1.480455e+03
-1.116113e+03
-3.320238e+01
1.437975e+03
2.820164e+03
3.646674e+03
3.620343e+03
2.722100e+03
1.221153e+03
-4.163640e+02
-1.682543e+03
-2.173538e+03
-1.721608e+03
-4.818848e+02
1.144765e+03
2.677413e+03
3.684963e+03
3.902669e+03
3.321039e+03
2.171739e+03
8.286583e+02
-2.999532e+02
-9.066707e+02
-8.863255e+02
-3.108072e+02
5.852420e+02
1.483908e+03
2.194274e+03
2.594493e+03
2.650406e+03
2.411980e+03
1.979409e+03
1.436510e+03
8.658000e+02
3.381897e+02
-1.219092e+02
-4.696804e+02
-6.188061e+02
-4.845925e+02
-1.177352e+01
7.701917e+02
1.718258e+03
2.598007e+03
3.137525e+03
3.119571e+03
2.470553e+03
1.307542e+03
-7.093942e+01
-1.263939e+03
-1.889969e+03
-1.715463e+03
-7.469128e+02
7.559350e+02
2.350785e+03
3.547508e+03
3.967738e+03
3.471043e+03
2.206664e+03
5.697466e+02
-9.257001e+02
-1.814343e+03
-1.831674e+03
-9.988637e+02
3.888255e+02
1.865602e+03
2.954013e+03
3.324555e+03
2.900495e+03
1.873558e+03
6.274274e+02
-4.027120e+02
-8.820229e+02
-6.870837e+02
6.192212e+01
1.056489e+03
1.919920e+03
2.346100e+03
2.206126e+03
1.587203e+03
7.502809e+02
2.618278e+01
-3.090131e+02
-1.351488e+02
4.736000e+02
1.282036e+03
1.986423e+03
2.328018e+03
2.186466e+03
1.618903e+03
8.330413e+02
1.067647e+02
-3.141159e+02
-3.005953e+02
1.204221e+02
7.871009e+02
1.468713e+03
1.952424e+03
2.115012e+03
1.954458e+03
1.574311e+03
1.130019e+03
7.625778e+02
5.486178e+02
4.849255e+02
5.102209e+02
5.516619e+02
5.717928e+02
5.916846e+02
6.794466e+02
9.084794e+02
1.303307e+03
1.801902e+03
2.255123e+03
2.470685e+03
2.288120e+03
1.658223e+03
6.897726e+02
-3.583841e+02
-1.147239e+03
-1.369824e+03
-8.675939e+02
2.919176e+02
1.810186e+03
3.237925e+03
4.108692e+03
4.099494e+03
3.148127e+03
1.491711e+03
-3.932925e+02
-1.934791e+03
-2.647116e+03
-2.290945e+03
-9.561949e+02
9.597000e+02
2.875595e+03
4.210845e+03
4.568116e+03
3.857491e+03
2.318793e+03
4.372889e+02
-1.214927e+03
-2.161294e+03
-2.166692e+03
-1.290125e+03
1.417139e+02
1.664782e+03
2.827994e+03
3.333524e+03
3.113939e+03
2.327684e+03
1.281927e+03
3.152772e+02
-3.136196e+02
-4.959848e+02
-2.816233e+02
1.694979e+02
6.652928e+02
1.056921e+03
1.282453e+03
1.366715e+03
1.383007e+03
1.399938e+03
1.438779e+03
1.461775e+03
1.395982e+03
1.180022e+03
8.103811e+02
3.638893e+02
-1.815848e+01
-1.805120e+02
-1.962364e+01
4.627872e+02
1.143299e+03
1.808778e+03
2.228895e+03
2.241416e+03
1.819535e+03
1.092059e+03
3.045970e+02
-2.647655e+02
-4.082184e+02
-6.862256e+01
6.338642e+02
1.440300e+03
2.046849e+03
2.218613e+03
1.881017e+03
1.154719e+03
3.153970e+02
-3.060259e+02
-4.485003e+02
-2.501976e+01
8.359107e+02
1.827878e+03
2.574384e+03
2.767123e+03
2.285712e+03
1.253373e+03
5.241521e+00
-1.023695e+03
-1.449555e+03
-1.080913e+03
5.497617e+00
1.479975e+03
2.865464e+03
3.696074e+03
3.676443e+03
2.785600e+03
1.288153e+03
-3.505640e+02
-1.616043e+03
-2.113438e+03
-1.693908e+03
-4.980848e+02
1.095265e+03
2.596713e+03
3.564263e+03
3.739269e+03
3.115539e+03
1.925039e+03
5.484583e+02
-6.139532e+02
-1.264371e+03
-1.284925e+03
-7.491072e+02
1.278420e+02
1.075508e+03
1.856674e+03
2.327793e+03
2.455406e+03
2.292580e+03
1.933209e+03
1.467510e+03
9.600000e+02
4.529897e+02
-1.150919e+01
-3.692804e+02
-5.301061e+02
-4.003925e+02
7.292648e+01
8.566917e+02
1.807158e+03
2.687107e+03
3.226025e+03
3.208371e+03
2.560653e+03
1.400942e+03
2.656058e+01
-1.162239e+03
-1.785169e+03
-1.610963e+03
-6.452128e+02
8.537350e+02
2.443885e+03
3.636208e+03
4.052038e+03
3.550543e+03
2.281064e+03
6.386466e+02
-8.626001e+02
-1.757143e+03
-1.780474e+03
-9.536637e+02
4.280255e+02
1.898802e+03
2.981213e+03
3.345755e+03
2.915695e+03
1.883058e+03
6.313274e+02
-4.045120e+02
-8.893229e+02
-6.997837e+02
4.462212e+01
1.035989e+03
1.897220e+03
2.321500e+03
2.179726e+03
1.558603e+03
7.189809e+02
-7.717216e+00
-3.462131e+02
-1.763488e+02
4.278000e+02
1.230736e+03
1.929523e+03
2.266518e+03
2.120466e+03
1.547303e+03
7.548413e+02
2.026470e+01
-4.101159e+02
-4.055953e+02
5.222122e+00
6.605009e+02
1.331113e+03
1.799624e+03
1.954012e+03
1.808558e+03
1.458511e+03
1.051519e+03
7.245778e+02
5.452178e+02
5.141255e+02
5.751209e+02
6.537619e+02
7.155928e+02
7.782846e+02
8.961466e+02
1.153579e+03
1.590907e+03
2.125902e+03
2.598223e+03
2.760185e+03
2.523120e+03
1.820523e+03
7.815726e+02
-3.369841e+02
-1.195139e+03
-1.474524e+03
-1.030694e+03
1.100176e+02
1.642986e+03
3.087425e+03
3.979992e+03
3.988694e+03
3.052227e+03
1.407211e+03
-4.692925e+02
-2.003091e+03
-2.705316e+03
-2.338145e+03
-9.934949e+02
